$ANSIBLE_VAULT;1.1;AES256
64613333353530333861666266333563623531626536656632326134346165303532643063333337
6363383038663764346238333633376663306138383432630a326336643564303330613233343261
62633833643535303262303735363565663262646463353565356639376130393063303765616336
6131343864333664350a396134326435373530303235353431316163303134306562633961386535
32393037313830653634356562326437366262343864373033663565356435353937613961363237
63363238373266326232626436306136303632643461663335313366653538373337666464303231
34366561353363656531336233356638313936376631356138663534343439383761353936383934
65646131623263653866643439393132393061366432366239363135613661373538626166666638
62616239633936333036396266623532333662363037383866623537306535323638663262326539
61316130646531393631616535653364363638613332613338366565636134326233326138386663
38666137653863386332636566303730636334353966326630633864326236363032356438656532
31633035306237613766373665336238353139323230636166303836333362626337353962313931
34643832343533316263626534336566643038353239643837393066633162316235633035363337
62323035353365343561326534323761383264303866353266626430663831393164623437623930
32613132343331636365633733363838373136333531653136373935656461626262663334326362
63376634646466656565386264616165613766643335613637343565396134386233353862363438
30656363386466323633666231313331643530616436393966373837346464366234323666386130
34653139303862306163666166326131306164393239393634306331633864376633636363623533
32623762653334313235636466376134336631396438336265323265336163363537373236383538
63323635363735663937326431343839616438633538343833313539326636653133363465613335
62303638383766343433333739373766623331663935646330373937653566616231663135346331
64643733313762353362633439616532353632636561386139386232363337396330363863653239
35656262323834326639363633613934306530663262326237383430326334633735653837383538
65653832663764653165303761383062373035343531623563343637363931396137306262633937
66376263323330633332336635346263643664383838626263356464646633376438386530373134
30366139666162643237636537663237663839313962666136316638383635376436646163633962
38363739636662626336653766663131316630343334656331633362363763313861383061626533
30323835353263373634373832346361373032383063646130326339653030363536373662333565
36396537633830326431316230356232656430333730356134356133373436336533356133333332
36393539356666376166643430326138656365646562316532336133666663363266373137393030
66396537303635363737613735383635333966346365363636336131386564333536306539653339
35613437343933623130633939396461643035346165653330663663653237376138306263313666
37316264396234303237656233303530656438323039373937393866373831313337343734356432
31623864623261393162356238643131633363383733656562633339363931646235326661383534
37326165666535373735663765373233393966323238363534343932386266653064363764393336
62643639326237616630356534653465623639633564396635663635666165323365613431666662
64333531633039363965303234363831326630393134313963653061663163633535323633326537
39313230663463313835386138633865616565386266303534343361386132303862346431333836
30306337386636643638656534323030313038616664323836323536333166613232396262376161
37316639376635363734333634323232616636306131323033393461643836323263353063633039
31613966653133663535386232616636326637303432316161373365653336333935313433343361
37306239363934646338656139366534313736393332656231343332653438326663653735346234
33303938396439353437396464323539366164316332326434323434383061663262313263383035
36393732366433373234653335626339616235653032326134326264316433396539646665313462
33636433396662393535356332343866363937643935353164656564343865333161643463333631
33363366363839323639616663623638386331313161383638303764303666396339636136383763
61623835346234646430346535363364656138323534643364316234386231396537323837613366
30333934353235623839353238306637386462393265316461646431623962303933633966376536
36663338333563623735663264626466663333613539393632616535646162626238353562363437
33363464343932396135633939613566393963393366623066356137326439313661356463343762
39353665386333353730656463373866313862373834316232663466343665323335633536393066
31313938643031646531323263373834623439643366653534643761613062613439366239326339
33653563353934353764643536363438313232303136343435316531303038646464623531323032
37336635626136623539656435353662346639356365313539346537323732363366636134633262
61613038373366306337323638393430666365656136353333326562316435386166346138393966
62393061623130663931376333383364636530336534326337326138306661646231646432643866
66373664323131616335316238653764313865393561303838303336356332633838656164613330
37336661373331643533666336323562623962353764376338396638623261643837623066373639
63346364663433366139336263313730323736386130346362613063633136616231636663353938
61393565376665383037303161333164373337313461336164643334393737303732373134633333
33363231303061323861343832333462366134623230656361303738626463396632646438643265
62393035396265663139623639366433326433636363343562393962303934623734653662333834
33336532396634623366386663353739346138323761333630636538303362346337396664303335
37663565643635653863343836636236346637646533666261386335633832623138623638323265
64626531336534363362303934383635636331383765646239616436623737353935356430396637
63613132653263373235313762616435383964333934636165396265353535303163373964303437
62633834333464333063613966666262653262646236383339306161376230633962653530343933
32323161303962366538316466376562396639366437666132313737393161353234333366343331
31346537376536636436366433383665383161303337336634363333663634613166353862336230
38626430373736366264653535323939383163633461323165323833376361643366353139633961
61336362346266366365326336343032313732313738326662616336323739653530633334366132
34373864376338316362633436396433613038656566336239346239323866363837613864353065
63303932616262383961313365333162343465333131396430316665333034363138656164633962
30363237656334643230613364323665366531633538666532653163666631366339306666363131
64653634306230326634646532353234616633666234666665633065633330386439613661393966
62336132653033393666303336656535666134353134636664626637326230366663643032336439
63636432646133616532353236626161306566373934363966393134386332623430353863326661
30383130663137326133633436366133333332393534363030366137333462663664623533636363
63333465613834653736623431356533663738346532383265343934653365633762393332353031
65316332643636343338346430313064356461336437633666356432343361613238666131313934
62303037613364666564393462623561346237363931643565643636306565646534363634343139
30316232343633303532393338326230643433623464326161653439393839356330636638363361
62663833616239313736653339336339386430623331363366663861393530393935306666633839
31613034343835636133346161613538306635333064333732633034653663613535363564333462
62383631613139313933366362393264373733346163613963613433323165343837373763313762
38643134663462346231663530393832633466656330353335653137363038383133343364383962
36386337623661383531396134303863303965616631333061373637363037383636323730313565
33623939313734636439646561336433323938326433633634353862353735353166636161376435
33643636643538343865346533333962613366643463363363323361666430643139383931306261
64373639316565663238646438613434353333373538643630653863366161353531313337386466
62313165626563343230653134633030306237346161333631393266383838616566653166636634
34383566663366636361623161643061323764386639613236306335366339393136636537383563
32316639393662306536343437393536326139373061303437656530396136303038663965633930
65316231326334393333306163646666346365663765613030633631356632666631356239316536
65376232663165353866353035373936616333383030343330323966313736363632363761623564
39663637343336303365613931353733376130353231366634633363666437323832343439613561
32316362316637613565313463636438386361306434346231653630316464383830653236343433
31393335623262643162313932393530653261363039623465326437383261323333396532396166
38343935633962323463356637353637363037663339616163303532373530393239303833376466
39343834376235616134316235666539616639303061663332396634313565356539316634663961
31626538663965636237373732626133383032356261363031346335643461613536623062343465
63316336636261646662643261626439646332396135336538666131386533333738663734336136
65626666633061613262323837643133626432633630313336633661313630373435633562663236
61623361633636623438323561653234373764356438386132626636366663636437396466396662
65633130396636316134626131363636616130623538653535313038633335616235376637323832
61316162333533626365633338326664326137633831316664386138336636616539613965626539
62376536653831323537623631393765653233333938636463333937333635393361336237313435
39643833396435373532363632383633356235366437366438393862363630616664363665326431
32396330656435646630336465306132333930373664333034633535373163313832376336653231
37343430626232336466633139323435353761353236653136346635626230633066343365643337
33386535373239376438323434383234643031393164663566306266666136663837343661306361
34616233633366653234353631303165303731303330623936343664393564633064363964363133
65333363353032356238616163383232336630396138323339376464323531616133663262613665
30356163386639373262363533646530303739326635643034383861643535366238303361383738
66323539626537643635313663633636633038653735336430633762623036346537653435626661
64653332363830656664376532616364633465396165653066643562636139333833616261326339
30356431336266653033613432636336393432353764643636613263373664323162326662663761
31386636386364323938323264666161383235376630323538663266383538396131396164346134
37663865663834303437373563343962323232383564363166633661633762616637666365306466
62323831333238383330666533343130303434356663616430636364383162353837363465366138
35366439343635393139613333323461303964646666383137383862613431306430623334323239
61333431636361303764363334616561346130613338663937376466643235613265636639323736
31353337333731343463656636323536376433373630326464343466376263336666623535663032
37653162653132353631303739656539316233393261323031316233343239653765323933663534
61376431396139633733393832633831343539623138356535363130636632386262333734663632
30373636323839333830313363373531383164363233336537623133353536643165383233616538
33373061346335393965363532623531643331643632373761303233316636343761643565303231
66316537353663643864366166383530656532623338383831306534383938616663303863396262
36636263653462343537663739343664306664373462353534396133333061386632336563393337
39393835616462373932336562623264383034343166653330343263346532663964393838333761
37363161346435323264626335386334653565346238643261653531343930393130393532386330
63306536346636353735323463376330326464353062373134613866393730376461363030323966
62363738356364626333613934646538313362636239396462343131363038386366343166613563
30346662373434363165613963616634613736316266646530353961316137633763623133333862
66393662613237643139363533353163386130353561366639346165633631663830613938376131
34386663616430613564643730336536393537643532313537613535616266376163623965333133
62653838356361313432646131333166633737623639323861646261343166363964383734313431
31323536346130373437356239333537303038366361383262373465393838623539333337616635
34323765376264656165653665386166653939666538363435313434363261656161373565383166
64656337636330383131363937303764343434316239373966396639343331366237323438646466
38376264313964383630303632646333306139313835643138393831386636383137636337303736
31633238393937646661393537656231663638333964643038666432656132306338373361333335
62366234373062353062323432343830626237343330366432363066313631303736623837323165
36343766623065623732323331353766326563356363346639313265326564303431376566336134
62643862396163366134636432326530396636323838616334393136663034346632366666633137
61373266313731346461383465383735633137393939333931373865656134646634663538623262
32646339656533376635383863623461373464363833613733636137326639323839363362336133
65666435613335336366633837663236356635663262656138393166323762393964383335353462
37303766653934663538363034643465666233636638343835326438313531633631663736376237
30663932363461666366376636336232653232386262656563393235626661636430303731313335
62623965613333336136633532663539663564333263613232316530383731326432313135386230
33633535346665333934343537623831646666626330633066323237323739393062383836316165
65663235313838333763333139663763633031366533373834336532303962323063643162323264
31323832333936373738333366346433633338636537353465333534303531356331323832656236
36376336343336356635373631623837306631376233336236323331333933613464623539303836
31353430313739633536656233623436346365663234396535613038303735326534363030356161
33313438306462376561393230373435313534653136336637653965643030663766356438303536
37633833303665333936386338303133363861323431616634376162343837663465306263633638
37383933653831346366383533376563306337663537333538353562386361303763383334616334
66663939346235383765616434323062343539333833356163316362333063616135363734613062
39306265623334643531333666326435376533333639633838626237666231666632646366376131
32333035633936396336653964326533343632613634623835643461343838643535646635373838
37363135666638633737623937303062643233323032363937323133653732663165373464363761
30663337646333396631653130323865666665353432383835393338386131393034326165656135
36363036343638663663363437376635616532303436396564346230643836653231333533663432
32326134343632656332353864353535366237303663623363623664653964666266623963643235
64633630363430326461383861313963663439623332353332336466353865396361353936363636
33366232663833356432393536323064636330333037666664393937636131633138643365356434
62396162656566353833333866636165363962383663303232326434343533366134333863336332
34353539653335663733613165306130653566663336626165363839333737636363383463313062
30666431613035353131323937373336383136316334643838663931656331343161633531306535
32396162363533623163323634386262386333653035386537663736393039623331346466396566
35343631353433343264613632323034326237653566626438316566383763316533
